# Created by Octave 3.8.2, Thu Aug 13 14:17:53 2015 EDT <dtromero@Octave>
# name: v
# type: matrix
# rows: 1
# columns: 10
 1 2 3 4 5 6 7 8 9 10


